Classification Report:
              precision    recall  f1-score   support

          S1       0.97      0.95      0.96       206
         S10       0.96      0.99      0.97       134
         S11       0.93      0.97      0.95       147
         S12       0.98      0.99      0.98       271
         S13       0.78      0.96      0.86       137
         S14       0.87      0.91      0.89       216
         S15       0.97      0.95      0.96       150
         S16       0.95      0.87      0.91       172
         S17       0.99      0.98      0.99       175
         S18       0.97      0.98      0.98       126
         S19       0.98      0.99      0.99       181
          S2       0.98      0.96      0.97       201
         S20       0.97      0.93      0.95       190
         S21       0.95      0.96      0.95       168
         S22       0.95      0.99      0.97       123
         S23       0.99      0.99      0.99       148
         S24       0.98      0.98      0.98       207
         S25       0.99      0.98      0.99       171
         S26       0.89      0.85      0.87       413
         S27       0.96      0.94      0.95       538
         S28       0.70      0.72      0.71       559
         S29       0.92      0.92      0.92       393
          S3       0.99      1.00      0.99       261
         S30       0.88      0.84      0.86       470
         S31       0.80      0.95      0.87       347
         S32       0.55      0.55      0.55       337
         S33       0.98      0.98      0.98       270
         S34       0.95      0.95      0.95       443
         S35       0.98      0.93      0.96       311
         S36       1.00      0.96      0.98       215
         S37       1.00      0.99      0.99       275
         S38       1.00      0.99      0.99       158
         S39       0.98      0.97      0.98       196
          S4       0.97      0.98      0.97       131
         S40       0.99      0.99      0.99       235
         S41       0.99      0.99      0.99       147
         S42       0.95      0.99      0.97       213
         S43       0.99      0.99      0.99       188
         S44       0.99      0.99      0.99       178
         S45       0.98      0.98      0.98       142
         S46       0.79      0.35      0.48        55
         S47       0.98      0.99      0.99       236
         S48       0.98      0.98      0.98       173
         S49       1.00      0.99      0.99       259
          S5       0.99      0.97      0.98       146
         S50       0.97      0.98      0.98       214
          S6       0.95      0.96      0.96       207
          S7       0.92      0.93      0.93       160
          S8       0.82      0.83      0.82       156
          S9       0.98      0.98      0.98       128

    accuracy                           0.93     11277
   macro avg       0.94      0.93      0.93     11277
weighted avg       0.93      0.93      0.93     11277
