Classification Report:
              precision    recall  f1-score   support

 Speaker0026       0.94      0.93      0.93       206
 Speaker0027       1.00      0.94      0.97       187
 Speaker0028       0.99      1.00      0.99       295
 Speaker0029       0.98      0.96      0.97       142
 Speaker0030       0.98      0.94      0.96       136
 Speaker0031       0.95      0.94      0.94       204
 Speaker0032       0.93      0.90      0.91       177
 Speaker0033       0.87      0.91      0.89       169
 Speaker0034       0.99      0.97      0.98       146
 Speaker0035       0.98      0.92      0.95       119
 Speaker0036       0.94      0.99      0.96       175
 Speaker0037       0.98      0.97      0.97       229
 Speaker0038       0.77      0.96      0.85       144
 Speaker0039       0.91      0.86      0.88       228
 Speaker0040       0.98      0.94      0.96       139
 Speaker0041       0.90      0.93      0.92       140
 Speaker0042       0.98      1.00      0.99       173
 Speaker0043       0.92      0.98      0.95       175
 Speaker0044       0.95      0.98      0.97       156
 Speaker0045       0.95      0.92      0.93       175
 Speaker0046       0.90      0.96      0.93       178
 Speaker0047       0.94      1.00      0.97       135
 Speaker0048       0.96      0.99      0.97       144
 Speaker0049       0.97      1.00      0.98       205
 Speaker0050       0.99      0.93      0.96       152
Speaker_0000       0.90      0.85      0.87       429
Speaker_0001       0.83      0.97      0.89       563
Speaker_0002       0.81      0.57      0.67       608
Speaker_0003       0.95      0.90      0.92       385
Speaker_0004       0.90      0.85      0.87       397
Speaker_0005       0.83      0.93      0.88       334
Speaker_0006       0.50      0.71      0.59       346
Speaker_0007       0.98      0.94      0.96       261
Speaker_0008       0.96      0.94      0.95       453
Speaker_0009       0.99      0.93      0.96       325
Speaker_0010       0.99      0.98      0.98       245
Speaker_0011       1.00      0.98      0.99       261
Speaker_0012       0.97      0.99      0.98       148
Speaker_0013       0.98      0.99      0.98       171
Speaker_0014       0.98      0.98      0.98       222
Speaker_0015       0.97      1.00      0.98       160
Speaker_0016       0.99      0.97      0.98       204
Speaker_0017       1.00      0.98      0.99       189
Speaker_0018       0.96      0.99      0.97       195
Speaker_0019       0.95      0.99      0.97       150
Speaker_0020       0.84      0.29      0.43        56
Speaker_0021       0.99      1.00      0.99       238
Speaker_0023       1.00      0.97      0.99       185
Speaker_0024       0.98      0.99      0.99       227
Speaker_0025       0.98      0.97      0.98       196

    accuracy                           0.92     11277
   macro avg       0.94      0.93      0.93     11277
weighted avg       0.92      0.92      0.92     11277
